SALES
EOM
1/30/1976
9.53  9.25  9.36  9.80  8.82  8.32  7.12  7.10  6.59  6.31  6.56  7.73
9.93  9.75 10.57 10.84 10.77  9.61  8.95  8.89  7.89  7.72  8.37  9.11
10.62  9.84  9.42 10.01 10.46 10.66 11.03 10.54 10.02  9.85  9.24 10.76
10.33 10.62 10.27 10.96 10.93 10.66 10.58  9.66  9.67 10.20 10.53 10.54
9.67 10.40 11.07 11.08 10.27 10.64 11.03  9.63  9.08  8.87  8.65  9.27
10.58 10.52 11.76 11.58 11.31 10.16 10.14  9.81 10.27  8.80  8.62  9.46

INDEX
EOM
1/30/1976
.54  0.54  1.12  1.32  1.12  1.12  1.12  1.32  1.93  2.13  1.52  1.32
-0.03  0.15 -0.03 -0.22 -0.03  0.15  0.15  0.15  0.73  0.54  0.34 -0.03
-0.22  0.93  1.32  0.93  0.15  0.15  0.34  0.34 -0.41  1.12  0.54 -0.22
0.54  0.54  0.34 -0.03 -0.03  0.15 -0.03 -0.22 -0.03 -0.59 -0.59 -0.78
-1.14 -0.96 -0.96 -0.59 -0.41 -0.03  0.15  0.34  0.54  0.54  0.73  0.54
-1.84 -1.84 -2.70 -2.19 -2.19 -1.84 -0.96 -1.67 -1.67 -0.96 -1.14 -0.96
