-29.07394
-30.150753
-39.842068
-10.768126
-36.252693
-33.740128
-19.741566
-30.868629
-20.45944
-20.818378
-8.255564
-49.533382
10.768126
-42.35463
-0.717875
-28.356066
-12.562814
16.870064
-0.717875
14.357502
17.946877
19.741566
9.691314
21.536253
22.254128
5.025126
5.743001
29.07394
13.998564
-1.076813
34.099068
15.075377
38.047379
40.559944
24.766691
28.715004
19.741566
16.152189
3.589375
7.537688
9.691314
0
-5.384063
25.843504
-43.072506
-1.794688
1.076813
-30.509691
-9.332376
-27.997128
1.076813
-45.944004
-15.075377
-39.842068
-1.076813
-26.20244
2.153625
-12.562814
-62.455132
-2.512563
-16.152189
-30.150753
-20.45944
-20.45944
-17.229002
-10.768126
-12.562814
-45.944004
-26.920315
-17.229002
-10.768126
-30.868629
-35.893753
-1.076813
-43.790379
-21.177315
13.998564
-56.353195
-4.30725
-21.536253
-58.147881
20.818378
-13.998564
-33.381191
13.639627
-38.765255
-31.586504
53.481693
-71.069633
-67.839195
6.460876
-68.557068
-42.713566
35.534817
-11.486001
-44.508255
-19.741566
-23.33094
-43.790379
-14.716439
24.048815
-74.300072
-51.687008
-42.35463
-41.636757
1.794688
11.844939
-86.145012
7.537688
-25.125628
-55.635319
56.712132
-12.203876
-26.561378
1.076813
-66.403442
-58.506821
33.022255
44.508255
-35.534817
4.30725
-37.688442
-43.072506
-3.589375
14.716439
20.100502
21.895189
-92.605888
-42.35463
50.969131
-16.152189
-57.788944
-6.460876
15.075377
-51.687008
-97.272072
47.020817
-59.94257
15.434315
-11.844939
-100.86145
-20.45944
-108.040199
-78.966263
-10.768126
-9.691314
-35.534817
-92.246948
-133.883698
-79.684135
8.255564
44.508255
-22.972002
-67.121323
-93.682701
-142.857147
-10.050251
68.198135
-28.715004
-71.787506
-83.273514
-60.660446
-15.075377
-30.868629
33.740128
-14.357502
-45.226131
-62.814072
-6.819813
-64.608757
-6.460876
-31.586504
-20.818378
1.43575
-69.274948
-80.760948
-3.230438
54.19957
1.076813
17.58794
-8.255564
-98.348885
-125.987076
35.534817
119.167267
137.832016
-25.843504
-168.700638
-107.322327
-67.839195
-50.969131
-3.589375
35.534817
-56.353195
-88.298637
21.177315
-17.946877
-10.050251
91.888008
24.407753
-37.329506
-49.892319
-10.050251
-5.743001
-30.509691
-5.743001
-58.865757
-2.153625
9.691314
38.765255
-41.995693
-45.944004
-22.972002
-117.013641
-10.409189
33.022255
48.815506
-7.896626
-25.484566
-113.065323
-85.427132
12.562814
22.254128
-26.920315
8.973438
-75.735825
-117.372574
-38.406319
68.916008
70.710693
33.022255
-53.122757
-77.88945
-83.273514
-81.119888
34.81694
59.94257
37.688442
16.870064
11.127064
-98.707825
-165.829147
-3.230438
-7.896626
35.893753
157.214645
81.837761
-137.473083
-149.676956
-137.473083
2.153625
87.580757
120.961952
13.639627
-95.836327
-201.7229
-86.503944
-105.527641
24.048815
107.681259
189.16008
119.167267
-145.010773
-164.034454
-134.601578
-145.010773
37.688442
136.755203
189.519028
142.857147
-118.808327
-231.155777
-143.93396
-58.506821
-17.229002
-60.660446
-1.794688
-12.203876
66.762383
-76.094757
-122.756638
-20.818378
66.04451
31.227566
-33.740128
-15.075377
-33.740128
-78.248383
-212.132095
4.30725
26.920315
91.529076
168.700638
63.531944
21.536253
-57.788944
-176.956207
-174.443649
-51.687008
55.635319
118.449387
151.830582
80.043076
-48.09763
-189.16008
-175.161514
-163.675522
-91.888008
81.119888
178.391953
73.582199
-43.790379
-174.084702
-138.549896
-136.037323
-15.075377
135.678391
212.84996
152.548462
75.376884
-126.346016
-177.31514
-225.053833
-152.907394
-17.58794
66.04451
111.629578
69.633881
-8.255564
-66.403442
-134.601578
-88.65757
-94.041634
-89.01651
-9.691314
96.554199
47.379757
127.063889
132.806885
111.629578
-164.393402
-258.435028
-125.269203
-34.099068
26.920315
13.280689
19.382627
72.864319
-96.195259
-209.619522
39.483131
43.431442
161.880829
83.632446
82.196701
-94.041634
-133.165833
-191.672653
-63.890884
-125.269203
-35.893753
53.122757
62.096195
40.91888
45.944004
49.533382
-140.703522
-215.362518
-61.737259
3.230438
19.023689
-10.409189
7.537688
11.486001
-145.369705
-165.111267
-106.963387
-44.149319
69.633881
177.674088
117.013641
43.790379
-152.189514
-108.040199
-146.446518
-77.17157
-63.173008
-13.639627
74.300072
63.890884
-6.101938
-66.04451
-68.198135
-64.249817
-56.712132
54.558506
85.068199
109.475952
130.294327
-8.614501
13.639627
-120.603012
-208.183777
-89.37545
-22.254128
40.201004
74.659012
118.808327
156.855713
69.633881
-128.499634
-245.154343
-279.253418
-120.24408
3.230438
104.450829
105.168701
34.458004
-19.382627
-152.189514
-229.002151
-86.145012
-82.555634
-23.689878
-13.998564
-13.639627
-60.301506
-186.647522
-218.951904
-166.547028
-52.404881
52.763821
86.862885
88.65757
118.090454
146.80545
-5.743001
-80.402008
-170.854263
-189.519028
-164.752335
-15.793252
17.946877
76.812637
115.577888
40.201004
-3.948313
-145.010773
-199.210342
-201.00502
-89.01651
8.614501
157.214645
184.134964
163.316589
-16.870064
-35.17588
-108.399139
-262.383331
-141.780334
-189.87796
-94.759514
-31.945442
30.868629
162.598709
152.548462
143.21608
62.455132
-86.145012
-131.012207
-108.758072
-114.501076
-55.994255
12.562814
45.585068
92.605888
120.24408
48.815506
78.966263
-115.936829
-124.19239
-110.552765
-133.165833
-127.781769
-68.557068
2.512563
29.07394
0.358938
-114.501076
-155.06102
-196.338837
-224.335968
-39.124191
-11.486001
-11.127064
31.945442
5.384063
-22.972002
-147.164398
-68.198135
-175.879395
-82.914574
-245.513275
-113.783203
-65.68557
14.716439
132.08902
61.737259
37.688442
-47.020817
-103.015076
-217.516144
-205.671219
-231.514709
-191.672653
-111.270638
50.969131
160.086151
202.440781
131.37114
14.716439
-55.994255
-226.489594
-251.974152
-171.213211
-230.437897
-157.573578
-30.150753
137.832016
239.770279
178.391953
122.397705
73.223259
-36.252693
-143.575012
-223.259155
-128.858582
-82.555634
50.969131
109.117012
36.611629
66.762383
62.455132
89.37545
-21.895189
-53.84063
5.743001
-12.562814
17.946877
-28.715004
-44.149319
-51.687008
-30.509691
-36.970566
1.794688
56.353195
109.475952
159.368271
223.618088
133.165833
-44.867191
-104.450829
-208.183777
-113.783203
-112.34745
-49.174442
26.920315
107.322327
121.320892
72.864319
3.230438
25.125628
-37.688442
-221.464462
-269.921021
-174.084702
-155.419952
-17.229002
80.760948
175.161514
150.394836
121.679825
16.152189
-99.784637
-104.450829
-173.366837
-230.078964
-111.629578
-11.486001
41.995693
31.227566
120.961952
151.471649
78.966263
89.01651
-48.815506
-117.731514
-138.549896
-169.777451
-105.168701
-83.632446
-58.147881
61.737259
109.117012
136.755203
139.267761
97.631012
41.277817
-81.119888
-86.862885
-267.04953
-144.651825
-4.30725
1.076813
147.164398
118.449387
65.32663
98.707825
76.812637
2.512563
-53.84063
-111.629578
-197.056717
-161.521896
-90.811195
-35.534817
114.142136
33.740128
95.118446
43.790379
35.17588
-37.688442
-94.041634
-205.312271
-171.931076
-77.88945
-119.885139
-24.407753
1.076813
76.812637
92.246948
45.226131
46.302944
-12.921752
7.896626
-47.020817
-137.114136
-137.114136
-140.703522
-35.17588
-8.255564
55.994255
111.98851
166.18808
111.629578
69.274948
-39.483131
-124.551331
-207.465897
-195.620956
-148.600143
-117.372574
9.332376
94.759514
170.136398
148.600143
102.656136
-62.096195
-61.019382
-80.402008
-81.119888
-198.492462
-104.809761
-79.684135
-27.638191
83.273514
100.86145
107.681259
54.19957
-2.8715
-114.142136
-93.323761
-97.989952
-84.350319
-89.734383
-20.818378
-20.45944
52.045944
-49.533382
73.223259
106.963387
78.966263
-72.146446
66.04451
-113.065323
-6.460876
-64.608757
-64.608757
-49.533382
23.33094
-44.149319
91.529076
76.094757
79.684135
41.995693
25.125628
-43.431442
-21.536253
-77.53051
-66.762383
-120.24408
-208.183777
-231.873657
-27.997128
70.351761
153.266327
168.700638
230.078964
143.93396
-81.119888
-84.709259
-270.638916
-318.018677
-276.02298
-201.00502
-36.970566
92.605888
119.526199
180.545578
136.037323
104.809761
-80.043076
-36.970566
-164.752335
-219.310837
-154.702087
-111.629578
-30.509691
74.659012
115.936829
100.143578
33.740128
66.762383
53.481693
-80.043076
-50.969131
-101.579323
-18.664753
-139.267761
-48.09763
10.050251
111.98851
77.88945
16.152189
54.19957
3.230438
-2.512563
-37.329506
-29.432878
-192.749466
-77.88945
-134.242645
-43.072506
-28.356066
-18.664753
37.329506
16.152189
80.760948
41.277817
-33.022255
-40.91888
-64.608757
-88.65757
-24.407753
-145.010773
-41.636757
-1.794688
66.762383
85.427132
56.712132
64.967697
68.916008
-8.614501
-22.613066
-77.53051
-230.796844
-69.633881
-114.860016
-40.201004
66.04451
83.632446
98.348885
128.858582
103.015076
102.297203
-106.604454
-180.186646
-386.216797
-136.396271
-228.284271
-131.37114
26.20244
94.400574
120.961952
99.425697
12.921752
21.177315
-2.8715
39.124191
-140.344574
-237.616653
-168.700638
-116.295761
-92.605888
9.691314
45.585068
111.629578
38.406319
102.297203
98.348885
19.023689
-136.755203
-206.389084
-260.588654
-31.586504
-24.048815
26.920315
20.818378
23.689878
53.84063
75.376884
31.945442
32.304379
55.994255
-109.475952
-229.002151
-78.248383
-119.167267
-121.320892
36.970566
101.579323
100.50251
118.449387
60.301506
30.868629
-88.298637
-190.954773
-135.319458
-91.170135
-46.66188
-75.017944
10.768126
107.322327
143.21608
137.114136
68.916008
58.147881
-28.356066
-20.818378
-87.221825
-301.866486
-57.071068
-117.731514
-2.512563
3.589375
61.378319
85.427132
24.407753
10.768126
16.870064
-101.22039
-91.529076
-182.699203
-199.928207
-162.957642
-9.691314
58.147881
81.837761
144.292892
91.888008
73.582199
1.43575
-119.167267
-107.322327
-231.873657
-195.979904
-37.688442
24.766691
96.195259
31.227566
144.651825
134.96051
4.666188
-68.198135
-32.304379
-69.274948
-96.195259
-132.806885
-52.404881
-57.430008
86.503944
97.989952
83.991386
77.17157
-14.357502
-85.068199
-11.486001
-62.096195
-68.557068
-8.614501
-95.118446
-50.969131
-33.022255
-39.124191
50.251255
-26.20244
22.972002
33.022255
29.432878
19.741566
-157.932526
-33.381191
-46.66188
-111.270638
-11.486001
10.768126
31.945442
50.969131
-26.20244
83.991386
58.506821
7.178751
38.765255
-5.025126
-45.944004
-126.346016
-128.858582
-110.193825
2.153625
-1.794688
33.022255
136.755203
143.21608
39.842068
60.660446
-73.223259
-176.238327
-289.30365
-188.801147
-154.34314
-101.579323
3.589375
134.601578
114.860016
109.834885
98.707825
16.152189
20.818378
-94.041634
-272.792542
-338.478088
-181.263458
-125.628143
66.04451
70.710693
109.117012
119.526199
83.632446
80.402008
39.842068
-62.096195
-260.947601
-254.486725
-200.287155
-128.499634
-89.734383
-17.946877
119.526199
179.109833
170.136398
144.292892
85.068199
114.142136
-100.50251
-106.245514
-314.429291
-302.584351
-201.363968
-139.626709
-25.843504
105.886574
183.417084
203.158646
192.749466
139.626709
10.409189
-86.503944
-138.190948
-137.832016
-240.847092
-212.132095
-69.992821
-14.716439
126.704956
133.524765
145.010773
119.885139
78.248383
38.047379
18.664753
-11.486001
-266.690582
-226.848526
-227.207458
-56.712132
-7.896626
63.173008
122.038765
89.01651
-26.561378
81.837761
9.691314
-139.267761
-137.114136
-107.322327
-258.435028
34.81694
-68.916008
54.917442
94.759514
125.628143
120.603012
94.400574
-5.384063
28.356066
20.45944
-55.276382
-137.473083
-217.516144
-91.888008
-171.931076
-9.691314
11.844939
24.048815
104.091888
122.397705
56.353195
81.119888
-58.147881
-84.709259
-139.267761
-193.108398
-22.972002
-40.91888
68.198135
81.119888
66.762383
22.972002
-3.589375
-75.735825
53.84063
-1.794688
-50.251255
-85.786072
-199.210342
-128.140701
-122.397705
43.790379
61.737259
111.270638
22.613066
-44.149319
79.325195
70.351761
-35.893753
-100.143578
-167.982773
-208.183777
-55.635319
-7.178751
103.732948
82.196701
110.193825
117.731514
131.37114
-80.760948
-97.631012
-164.752335
-183.776016
-138.549896
-21.177315
132.08902
85.786072
17.58794
-3.948313
-126.346016
-53.122757
-73.941132
-64.249817
38.765255
-56.353195
-14.357502
-45.944004
39.124191
-29.432878
-10.409189
-29.432878
-71.787506
20.100502
43.790379
-71.787506
3.230438
19.382627
-13.998564
-12.562814
-57.071068
-250.897339
-30.868629
-48.45657
-99.784637
22.254128
108.399139
48.815506
37.688442
-45.944004
13.280689
14.357502
-122.397705
-63.531944
-73.223259
-41.995693
-36.970566
-7.178751
-0.358938
67.839195
38.406319
36.252693
62.455132
-74.300072
-94.759514
-155.7789
-224.335968
-97.631012
14.357502
101.579323
96.195259
103.732948
134.96051
36.970566
16.511127
-7.178751
-117.731514
-215.362518
-119.885139
-117.372574
-78.248383
-60.660446
-13.280689
15.075377
51.687008
17.229002
20.818378
63.173008
142.498199
135.678391
103.015076
-160.086151
-235.463028
-242.282837
-321.96698
-187.724335
-154.702087
-5.743001
122.397705
146.087585
161.521896
152.907394
104.809761
66.762383
30.150753
-132.08902
-341.708527
-176.238327
-254.486725
-50.251255
-172.648956
-49.174442
-38.406319
39.483131
110.911697
111.98851
141.780334
146.446518
137.114136
106.604454
-11.127064
-281.765961
-352.476654
-258.435028
-153.266327
-155.06102
-82.914574
-3.230438
63.890884
138.190948
221.10553
249.461594
207.106964
171.572144
108.040199
-107.322327
-284.996399
-208.183777
-314.429291
-193.826279
-140.344574
-106.245514
2.8715
63.890884
145.728638
205.312271
222.541275
179.468765
171.931076
97.631012
-83.632446
-206.030151
-339.554901
-193.108398
-182.699203
-47.020817
35.893753
52.045944
91.170135
136.396271
153.984207
151.830582
161.521896
139.626709
-32.304379
-226.848526
-331.299347
-301.866486
-201.00502
-110.911697
-5.743001
40.91888
95.477386
115.577888
166.90596
76.094757
45.585068
35.17588
-175.161514
-286.073212
-220.38765
-186.288589
-138.190948
-42.35463
-1.43575
30.150753
38.047379
124.910263
153.984207
155.06102
-19.023689
27.279253
-150.394836
-178.391953
-159.368271
-207.106964
-99.066765
-27.638191
43.790379
95.118446
161.521896
221.464462
165.829147
33.740128
-2.153625
-226.130646
-259.870789
-174.084702
-175.520462
-82.914574
-20.45944
119.167267
95.477386
113.424263
45.226131
87.580757
-3.230438
28.715004
-16.152189
-123.83345
-185.570709
-138.549896
-87.221825
-2.512563
126.346016
165.470215
146.80545
116.295761
88.65757
26.561378
-150.394836
-39.842068
-290.73941
-186.288589
-177.31514
-64.967697
60.301506
105.527641
188.083267
167.982773
36.252693
16.870064
-39.842068
-136.755203
-143.575012
-190.59584
-76.812637
42.713566
19.023689
157.573578
136.396271
-0.717875
17.229002
-2.512563
-17.229002
0.358938
-60.660446
-207.465897
-293.251984
-100.50251
-72.505386
21.895189
66.04451
-21.536253
-7.178751
-49.174442
6.460876
63.531944
58.506821
35.534817
49.533382
-91.529076
-160.804016
-97.989952
-282.124908
-263.460144
-100.86145
-22.254128
36.970566
82.914574
146.80545
123.83345
106.604454
114.860016
81.119888
31.945442
-71.787506
-281.407043
-304.020111
-232.95047
-194.544144
-129.935394
-48.09763
57.071068
143.93396
180.545578
225.412781
133.883698
136.755203
131.012207
28.715004
-276.02298
-319.09549
-352.835602
-296.482422
-208.183777
-96.913139
11.486001
106.604454
143.21608
215.003586
218.951904
173.366837
170.854263
149.676956
104.091888
-7.896626
-333.094055
-444.364685
-166.90596
-135.678391
-167.982773
-139.267761
-10.409189
27.997128
55.276382
70.351761
70.351761
81.119888
120.961952
54.19957
21.536253
-81.478821
-99.425697
-198.492462
-232.591522
-125.628143
-71.069633
-26.20244
33.740128
57.071068
75.017944
61.019382
50.969131
80.402008
77.17157
80.402008
38.047379
-218.234024
-178.391953
-113.065323
-79.325195
-96.195259
-17.229002
75.017944
55.635319
72.505386
91.529076
65.68557
46.302944
20.100502
-78.607323
-266.690582
-171.213211
-10.409189
-70.351761
-104.450829
-39.842068
22.972002
51.328068
57.071068
99.425697
59.94257
65.68557
65.32663
50.251255
30.868629
-45.944004
-319.813354
-91.529076
-143.21608
-65.68557
-72.505386
-74.300072
-37.688442
8.255564
64.249817
106.963387
100.143578
95.836327
91.888008
107.681259
33.022255
-39.124191
-166.18808
-270.638916
-188.801147
-91.888008
-71.428574
-20.100502
38.765255
-12.921752
13.639627
47.379757
87.580757
142.139267
130.294327
-71.787506
-169.777451
-131.012207
-228.643219
-176.956207
-115.577888
109.475952
126.346016
104.091888
19.741566
41.636757
23.33094
73.223259
90.093323
6.101938
-41.636757
-111.270638
-218.951904
-216.439331
-171.572144
-24.407753
107.681259
87.580757
45.226131
-20.45944
43.431442
72.146446
63.890884
31.227566
5.384063
-97.272072
-92.246948
-136.396271
-153.266327
-61.737259
58.147881
88.298637
26.561378
25.125628
61.019382
32.304379
-1.076813
-20.45944
-146.446518
-236.180908
-102.656136
-99.066765
47.379757
-32.304379
71.069633
118.449387
58.506821
6.460876
-17.229002
-51.328068
9.332376
-131.37114
-195.979904
-104.809761
-47.738693
34.099068
86.503944
25.484566
64.967697
14.716439
16.870064
63.173008
-21.536253
-10.050251
-107.322327
-226.130646
-222.900208
-213.208908
-48.45657
78.966263
-8.614501
63.890884
87.221825
121.679825
111.629578
75.376884
44.508255
-8.973438
-47.738693
-224.694901
-353.553467
-203.876526
-159.368271
-92.964821
33.381191
118.449387
31.586504
80.402008
64.608757
99.784637
94.400574
40.201004
71.428574
51.687008
-6.101938
-200.287155
-230.796844
-234.745148
-207.824844
-147.523331
-67.480255
63.890884
122.038765
127.063889
107.322327
73.582199
72.146446
106.963387
108.758072
75.735825
-1.43575
-115.936829
-393.036621
-431.083984
-296.482422
-221.464462
-173.007889
-47.738693
121.679825
188.083267
178.03302
208.183777
156.496765
122.038765
92.605888
45.944004
125.269203
123.83345
-133.883698
-341.349609
-326.274231
-302.225403
-212.132095
-152.907394
-94.400574
-22.972002
27.997128
95.477386
129.576447
129.217514
105.886574
71.787506
93.323761
71.787506
78.966263
35.893753
-216.439331
-290.380463
-322.684845
-256.999268
-173.007889
-45.226131
-31.586504
52.763821
113.783203
190.236893
201.363968
182.340271
168.700638
218.234024
207.465897
111.270638
-67.121323
-286.073212
-313.711426
-353.553467
-329.504669
-209.619522
-120.603012
-134.96051
-31.945442
69.992821
97.272072
102.297203
179.109833
251.256287
207.465897
161.521896
77.17157
11.127064
-267.767395
-358.578613
-213.926773
-306.173737
-211.414215
-101.22039
9.332376
87.221825
133.165833
200.646088
182.699203
159.368271
95.477386
99.425697
44.508255
-33.022255
-382.268494
-370.423553
-194.903091
-248.384781
-71.069633
-22.972002
77.53051
111.98851
92.605888
105.527641
156.496765
137.832016
56.353195
-118.449387
-257.358215
-312.634613
-229.720032
-128.140701
-63.173008
32.304379
58.865757
131.37114
117.731514
131.012207
114.860016
66.403442
73.582199
-87.580757
-254.845657
-230.437897
-74.300072
-169.059586
-85.427132
48.45657
94.400574
81.837761
142.498199
130.653259
119.885139
106.604454
16.511127
-111.270638
-272.074646
-239.052399
-206.389084
-126.704956
-39.842068
23.33094
103.732948
120.603012
64.608757
88.298637
88.298637
123.474518
67.839195
-30.150753
-193.108398
-357.860718
-251.615219
-171.931076
-84.709259
-60.660446
31.586504
137.114136
117.372574
117.372574
114.501076
99.425697
43.072506
80.043076
36.252693
-67.480255
-276.381897
-312.99353
-228.284271
-212.84996
-26.20244
-16.511127
41.636757
108.758072
145.728638
147.882263
209.26059
166.18808
54.558506
47.738693
24.048815
-124.551331
-505.025116
-282.483856
-245.513275
-174.443649
17.946877
104.091888
118.449387
155.419952
119.526199
159.009338
112.34745
118.808327
83.632446
111.98851
-15.434315
-314.429291
-349.246216
-198.13353
-216.798279
-130.294327
-21.177315
59.583633
91.888008
57.071068
67.839195
65.68557
73.223259
71.428574
49.533382
2.512563
-135.319458
-185.570709
-232.95047
-156.855713
-85.427132
-69.992821
-8.614501
33.381191
57.788944
62.455132
58.865757
58.865757
67.480255
30.868629
71.787506
7.178751
58.506821
76.453697
-103.015076
-263.819092
-172.290024
-273.510406
-295.764526
-194.185211
-74.659012
-12.921752
76.453697
115.218948
133.524765
123.115578
117.372574
120.961952
136.755203
102.656136
33.381191
6.460876
-135.319458
-202.799713
-204.235458
-369.346741
-325.197418
-172.648956
-22.613066
59.224693
108.399139
138.190948
127.781769
107.681259
97.272072
82.555634
49.892319
10.768126
-43.431442
-71.787506
-77.17157
-129.935394
-113.424263
-269.562103
-165.470215
-152.189514
-123.474518
-71.787506
2.512563
43.072506
72.146446
125.987076
139.626709
149.676956
98.348885
63.531944
35.893753
19.023689
-4.666188
-10.050251
-157.214645
-246.231155
-310.480988
-292.534088
-120.603012
-64.967697
-71.069633
4.666188
36.252693
111.270638
131.37114
169.059586
152.907394
171.213211
124.551331
170.495331
225.771713
-2.512563
-6.460876
-86.503944
-254.486725
-351.040924
-387.29361
-397.702789
-308.327362
-112.34745
12.921752
75.376884
174.084702
201.00502
186.288589
181.981339
193.108398
145.728638
24.407753
-58.506821
-158.650391
-182.699203
-148.959076
-236.898773
-204.594406
-197.774582
-70.351761
36.252693
64.967697
166.547028
160.804016
113.424263
59.583633
29.07394
-13.639627
-101.22039
-62.814072
-83.632446
-50.610195
-31.945442
-35.17588
-47.379757
-89.37545
-3.589375
-18.305815
-56.353195
70.351761
52.763821
-80.760948
-64.249817
-94.041634
8.973438
-75.017944
-16.870064
36.611629
29.432878
109.834885
155.7789
97.989952
111.629578
67.480255
25.843504
-103.732948
-256.999268
-177.31514
-159.368271
-156.855713
-110.911697
-42.713566
21.895189
54.917442
69.633881
157.573578
107.681259
57.071068
11.127064
-127.781769
-232.23259
-190.954773
-114.142136
-116.295761
-57.788944
26.920315
65.68557
124.19239
124.19239
127.063889
130.653259
53.84063
-81.478821
-173.366837
-271.715729
-229.002151
-185.929642
-89.01651
-27.997128
62.455132
99.066765
124.19239
116.295761
123.115578
99.784637
36.611629
25.843504
-7.896626
-79.325195
-179.109833
-394.113434
-146.446518
-164.393402
-166.18808
-22.972002
41.995693
106.245514
115.936829
111.629578
98.707825
64.967697
26.561378
33.381191
28.356066
21.895189
-2.512563
-66.04451
-187.724335
-362.167969
-229.720032
-280.330231
-188.083267
-116.654701
-3.589375
57.788944
101.938263
91.170135
88.298637
75.376884
90.093323
50.251255
23.689878
68.557068
123.474518
13.639627
38.765255
-176.956207
-153.625275
-218.951904
-198.13353
-249.461594
-156.496765
-43.790379
71.069633
109.475952
123.115578
124.910263
94.041634
99.066765
128.499634
105.886574
63.173008
5.743001
26.561378
-42.35463
-255.20459
-246.949036
-231.155777
-169.777451
-164.752335
-86.145012
-17.946877
60.301506
94.400574
58.865757
60.301506
32.304379
76.094757
72.505386
42.713566
86.862885
96.913139
98.707825
36.252693
-89.734383
-206.030151
-282.842773
-215.003586
-193.467331
-198.492462
-89.01651
-48.815506
-33.022255
44.508255
78.607323
86.862885
71.787506
59.224693
53.481693
27.279253
19.741566
24.407753
43.072506
2.153625
22.613066
-8.614501
-7.178751
-210.337402
-195.979904
-104.809761
-118.090454
-150.035889
-121.679825
-88.298637
-48.815506
2.8715
68.916008
86.145012
103.015076
114.142136
104.809761
89.37545
38.765255
0.717875
0.717875
12.203876
-22.254128
-41.277817
-109.117012
-83.273514
-82.914574
-192.749466
-216.439331
-111.98851
-35.17588
-121.320892
-51.687008
-46.66188
35.534817
12.562814
34.81694
54.558506
31.227566
49.174442
51.687008
45.226131
27.997128
17.946877
4.666188
18.664753
-13.639627
-75.735825
-174.802582
-150.394836
-227.566406
-49.533382
-46.66188
-50.969131
0.717875
24.407753
50.610195
83.991386
55.994255
53.84063
-8.255564
-22.254128
16.511127
-7.178751
-47.020817
-61.737259
-57.430008
-76.453697
-137.473083
-136.396271
-112.34745
-151.112701
-75.735825
36.970566
65.32663
45.226131
81.119888
59.583633
86.503944
67.839195
48.09763
24.766691
17.58794
5.743001
-69.633881
-70.710693
-98.707825
-86.862885
-164.752335
-199.569275
-152.907394
-4.30725
12.203876
-1.794688
41.277817
75.376884
85.427132
52.763821
29.07394
43.072506
31.586504
57.430008
2.8715
-31.945442
-61.019382
-117.013641
-209.26059
-189.16008
-95.118446
-88.298637
-31.945442
79.684135
120.961952
160.804016
37.688442
-4.666188
11.127064
3.230438
-27.997128
-15.434315
-63.531944
-131.730072
-151.112701
-171.931076
-177.31514
-87.939697
-38.047379
-33.740128
61.378319
42.713566
99.784637
167.982773
147.882263
86.862885
61.019382
-4.666188
-42.713566
-76.812637
-211.414215
-207.465897
-162.239777
-73.582199
13.639627
25.125628
58.506821
89.37545
99.784637
44.508255
2.8715
-11.844939
-76.094757
-111.270638
-107.322327
-79.325195
-207.465897
-108.040199
-136.037323
-147.523331
-46.302944
69.992821
72.505386
133.524765
83.632446
94.041634
60.301506
45.585068
37.329506
62.455132
81.837761
63.173008
9.691314
-40.559944
-20.45944
-147.882263
-278.176605
-269.562103
-256.999268
-194.544144
-96.195259
-9.332376
47.020817
41.995693
67.121323
98.348885
110.552765
136.396271
113.065323
40.91888
-8.614501
-62.096195
-44.867191
47.738693
39.483131
-13.998564
-206.748032
-220.38765
-171.213211
-185.211777
-139.626709
-17.946877
59.224693
35.893753
79.684135
54.917442
16.511127
-15.075377
4.666188
64.967697
47.020817
85.427132
80.043076
52.763821
4.30725
-75.735825
-115.577888
-134.96051
-228.643219
-244.07753
-205.312271
-234.027283
-178.391953
-41.995693
74.659012
82.914574
145.369705
123.115578
88.298637
66.04451
57.430008
45.585068
22.613066
20.818378
12.203876
7.537688
22.613066
24.048815
18.664753
-18.305815
-166.90596
-248.025848
-212.491028
-245.513275
-235.104095
-145.369705
-102.297203
-26.20244
42.35463
62.096195
61.378319
51.328068
47.738693
49.174442
51.687008
105.168701
101.938263
54.19957
90.452263
67.121323
-42.35463
-52.763821
-154.702087
-122.756638
-271.715729
-242.282837
-187.724335
-111.98851
-69.633881
5.384063
40.559944
68.198135
77.88945
94.041634
89.01651
77.88945
54.19957
49.533382
40.91888
15.434315
44.508255
59.583633
22.613066
31.586504
-264.536957
-249.102661
-220.38765
-203.876526
-191.313705
-88.298637
-68.198135
-57.430008
-32.304379
-27.279253
35.17588
57.071068
67.839195
87.939697
107.322327
143.93396
127.781769
83.991386
43.431442
13.639627
54.19957
62.455132
-136.396271
-179.468765
-261.306519
-230.437897
-209.97847
-148.241211
-90.093323
2.153625
35.534817
38.765255
55.994255
73.223259
71.787506
141.062454
171.572144
202.799713
148.241211
95.118446
83.991386
-14.716439
-205.671219
-223.259155
-237.975586
-306.173737
-252.333099
-155.06102
-62.814072
-16.511127
69.274948
83.632446
86.145012
95.118446
78.607323
65.32663
51.687008
40.559944
58.865757
82.914574
35.893753
59.583633
-29.432878
-84.709259
-140.703522
-202.081833
-236.180908
-218.951904
-184.493896
-143.21608
-70.351761
0.358938
58.147881
33.740128
31.945442
53.122757
71.069633
97.989952
70.351761
105.168701
78.966263
19.023689
-28.356066
-90.452263
-165.829147
-174.084702
-105.168701
-79.684135
-70.351761
-19.023689
-38.765255
7.537688
13.280689
40.91888
91.170135
70.351761
12.921752
-11.486001
-20.100502
-12.921752
-55.994255
-97.631012
-115.577888
-279.971283
-247.307968
-24.407753
21.536253
65.68557
85.786072
65.32663
59.94257
35.17588
38.765255
55.635319
39.483131
11.127064
1.43575
-6.460876
-20.818378
-29.791817
-40.201004
-15.434315
-39.842068
-189.16008
-198.851395
-154.702087
-103.374016
-49.533382
17.58794
37.688442
18.305815
40.201004
45.944004
31.586504
32.304379
71.428574
56.353195
32.663315
3.948313
-24.048815
-13.639627
-38.047379
-45.944004
-62.096195
-162.598709
-164.034454
-194.903091
-162.598709
-99.784637
-66.403442
-19.741566
1.43575
73.223259
96.913139
102.656136
114.860016
106.245514
104.091888
104.450829
69.992821
45.226131
-37.688442
-40.559944
-205.671219
-216.080399
-179.468765
-191.672653
-159.368271
-139.267761
-67.121323
13.280689
44.867191
55.994255
63.890884
118.449387
114.860016
118.808327
68.916008
14.357502
-34.81694
-27.997128
-103.732948
-151.471649
-236.898773
-139.985641
-106.604454
-81.478821
-80.043076
-15.075377
15.793252
68.557068
89.37545
112.70639
83.991386
8.973438
1.43575
33.740128
24.407753
-5.743001
-22.972002
-29.791817
10.409189
-81.837761
-155.419952
-181.981339
-178.391953
-123.83345
-76.094757
-21.177315
41.277817
54.19957
67.121323
38.406319
44.149319
35.17588
57.071068
54.558506
2.153625
-12.921752
-66.04451
-91.170135
-94.400574
-95.118446
-184.134964
-131.37114
-110.552765
-50.610195
21.177315
66.04451
92.605888
99.425697
43.072506
14.357502
23.33094
14.357502
10.050251
26.561378
-10.768126
-22.254128
-17.58794
4.30725
12.562814
-82.914574
-175.520462
-191.672653
-184.134964
-174.084702
-155.7789
-69.633881
23.33094
59.94257
114.142136
71.787506
96.195259
101.579323
86.862885
87.580757
67.839195
20.100502
23.33094
34.81694
25.843504
-4.666188
-7.896626
-4.666188
37.329506
-2.153625
-186.647522
-274.228271
-284.637482
-237.975586
-187.724335
-61.737259
45.226131
57.071068
76.094757
82.555634
77.53051
38.406319
33.022255
-10.409189
-9.332376
-1.794688
4.30725
-6.101938
-35.893753
11.844939
4.30725
5.743001
-4.30725
-24.766691
-201.00502
-171.213211
-225.412781
-163.675522
-79.325195
-56.353195
43.431442
79.684135
92.605888
90.093323
82.555634
38.047379
16.870064
-8.614501
21.536253
31.586504
19.023689
19.382627
48.815506
33.381191
23.689878
-44.149319
-62.814072
-101.579323
-230.078964
-250.897339
-166.90596
-125.269203
-33.022255
-9.332376
-20.100502
-10.768126
16.511127
35.534817
36.970566
38.406319
52.404881
46.302944
39.842068
33.381191
47.379757
35.893753
6.101938
19.023689
34.81694
45.585068
48.45657
33.381191
-43.072506
-110.552765
-307.609467
-272.792542
-212.491028
-193.108398
-158.650391
-59.583633
-60.301506
30.868629
68.916008
59.224693
52.045944
49.533382
41.277817
42.35463
41.995693
29.432878
33.740128
21.895189
56.353195
73.223259
36.252693
15.075377
-23.33094
-5.743001
-28.715004
-68.557068
-199.569275
-235.463028
-153.266327
-184.852829
-235.463028
-145.728638
-100.50251
5.384063
49.892319
76.812637
96.913139
87.221825
77.17157
86.862885
101.938263
58.506821
51.328068
59.224693
59.583633
22.254128
-14.357502
-89.37545
-137.114136
-187.724335
-225.053833
-158.650391
-101.22039
-26.20244
-31.586504
-38.765255
-54.917442
-32.304379
21.177315
48.815506
64.249817
74.300072
71.428574
68.198135
55.635319
47.379757
31.945442
17.58794
15.793252
3.589375
-4.666188
-16.870064
-32.304379
-37.329506
-39.483131
-93.323761
-122.397705
-164.393402
-123.115578
-106.604454
-114.501076
-109.475952
-146.80545
-96.913139
-62.455132
-3.589375
16.511127
47.379757
63.890884
68.557068
60.301506
67.839195
64.608757
52.404881
26.920315
16.870064
-19.382627
31.227566
79.325195
81.837761
-3.589375
-73.941132
-195.262024
-286.432159
-237.616653
-206.030151
-183.776016
-97.631012
-44.867191
5.025126
5.384063
59.94257
70.351761
62.455132
75.017944
64.249817
53.84063
31.945442
-3.948313
-3.589375
3.948313
38.047379
1.794688
-39.124191
-96.913139
-96.554199
-65.32663
-109.834885
-109.475952
-110.911697
-60.301506
-57.788944
-19.741566
33.740128
54.917442
58.865757
59.583633
50.251255
14.716439
-7.178751
4.30725
-1.794688
2.153625
-62.814072
-96.554199
-139.985641
-53.122757
17.229002
27.279253
10.768126
-40.91888
-62.096195
-74.659012
-48.815506
-25.843504
-1.43575
-17.229002
-8.973438
-34.458004
-12.203876
0
22.254128
8.614501
3.948313
-21.177315
-56.353195
-68.557068
5.384063
13.280689
8.973438
22.613066
-7.537688
29.432878
27.279253
25.484566
-5.384063
-28.356066
-44.508255
-71.069633
-124.551331
-85.786072
-60.660446
-59.224693
-101.579323
-110.911697
-112.70639
-67.839195
1.076813
81.478821
88.65757
80.043076
93.682701
82.555634
62.814072
56.712132
20.818378
2.512563
3.589375
4.666188
-16.511127
-33.381191
-48.815506
-72.505386
-113.783203
-132.08902
-140.344574
-144.292892
-168.700638
-157.214645
-151.112701
-41.636757
16.152189
82.555634
87.580757
105.886574
91.170135
64.967697
88.298637
78.607323
40.201004
0.358938
-1.076813
-3.948313
-15.793252
5.743001
8.614501
-9.332376
-19.023689
-6.101938
-4.666188
-99.784637
-140.344574
-120.961952
-159.727203
-223.259155
-168.700638
-109.834885
-49.892319
18.305815
11.486001
41.277817
55.994255
47.379757
11.844939
1.794688
4.30725
-5.384063
-11.844939
6.819813
-6.819813
25.125628
61.019382
79.684135
52.763821
40.91888
-5.025126
-22.972002
-57.430008
-45.944004
-45.585068
-159.009338
-185.929642
-158.291458
-171.213211
-73.941132
-5.025126
38.406319
69.633881
57.430008
25.125628
11.486001
5.025126
-7.178751
-27.279253
-52.404881
-37.329506
-8.973438
44.508255
20.818378
21.895189
60.660446
-8.973438
-72.864319
-5.025126
4.30725
7.537688
-113.424263
-137.114136
-207.106964
-184.134964
-128.499634
-47.020817
-4.30725
33.381191
51.328068
37.329506
24.407753
13.998564
16.511127
11.127064
1.43575
10.409189
19.023689
28.356066
34.81694
48.09763
69.633881
79.684135
-57.071068
-98.348885
-60.301506
-12.562814
-86.503944
-152.548462
-165.111267
-163.675522
-133.883698
-39.842068
18.305815
33.022255
53.122757
48.815506
36.970566
15.434315
2.8715
5.743001
3.230438
6.819813
6.101938
4.30725
5.384063
5.025126
-10.409189
-40.201004
-51.687008
-70.710693
-54.19957
-42.35463
-46.302944
-8.614501
-16.152189
-86.503944
-95.836327
-113.783203
-90.811195
-105.168701
-29.791817
23.689878
34.458004
51.687008
53.122757
59.583633
40.201004
32.663315
23.689878
16.511127
11.127064
6.460876
6.819813
6.101938
8.614501
4.30725
-1.43575
-5.025126
-7.178751
-6.460876
-5.743001
-2.512563
2.8715
4.666188
14.357502
8.255564
1.076813
29.07394
68.198135
34.099068
-24.766691
-74.300072
-55.994255
-58.506821
-65.68557
-46.302944
-12.203876
-5.384063
-39.483131
-67.480255
-69.633881
-87.939697
-80.043076
-49.533382
-5.743001
33.740128
44.149319
33.022255
5.025126
-15.434315
-11.127064
1.43575
1.794688
-3.230438
1.43575
15.793252
30.509691
12.562814
-8.255564
-8.255564
15.793252
40.201004
63.173008
75.376884
-11.844939
-43.790379
-16.511127
-2.153625
-30.150753
-40.201004
-20.100502
-16.511127
-5.743001
-35.17588
-36.970566
-111.629578
-142.139267
-134.96051
-106.604454
-55.276382
-13.280689
-11.127064
-22.613066
-31.945442
-30.868629
-40.201004
-47.379757
-36.611629
-22.254128
-21.177315
-22.613066
-17.58794
-12.562814
-10.050251
-12.562814
-6.101938
-5.743001
-11.844939
-25.484566
-38.765255
-18.664753
19.741566
67.121323
59.224693
-19.023689
-75.376884
-61.737259
-66.762383
-71.787506
-49.892319
-11.127064
1.43575
-9.691314
-45.944004
-117.731514
-134.96051
-132.447952
-122.397705
-68.557068
-48.09763
3.948313
20.100502
5.025126
-5.025126
-15.793252
-34.458004
-26.20244
-21.536253
-15.793252
-11.127064
4.30725
-1.076813
-17.946877
-15.434315
-7.537688
-8.614501
-17.58794
-22.972002
-30.509691
-26.561378
-48.09763
-48.09763
-39.124191
-59.583633
-57.788944
-59.224693
-7.537688
-6.101938
-40.91888
-61.019382
-104.091888
-111.98851
-91.888008
-82.196701
-66.403442
-50.251255
-19.023689
-6.460876
-24.766691
-36.970566
-10.768126
-6.819813
-13.639627
-16.152189
-16.511127
-12.562814
-31.945442
-34.458004
-35.17588
-45.585068
-44.508255
-28.715004
-11.844939
-11.127064
-31.586504
-33.022255
-45.944004
-66.762383
-48.45657
-24.766691
-30.509691
-31.586504
-34.81694
-26.20244
-18.664753
-15.075377
-18.664753
-29.432878
-21.536253
-7.178751
-15.793252
-32.304379
-13.639627
-9.332376
-13.280689
-7.896626
3.230438
0
-15.793252
-31.945442
-40.201004
-48.09763
-64.967697
-87.939697
-84.709259
-77.88945
-30.509691
-13.998564
-7.896626
-45.585068
-68.198135
-31.227566
-4.666188
0.358938
-1.43575
-15.434315
-2.153625
2.8715
-1.43575
-5.743001
-13.280689
-15.075377
-16.511127
-10.050251
-11.844939
-18.664753
-20.45944
-30.868629
3.589375
-30.509691
-32.663315
-21.895189
-23.689878
-21.895189
-11.486001
-1.794688
-5.384063
-11.486001
-12.562814
-15.793252
-20.100502
-25.484566
-29.432878
-43.072506
-27.638191
-28.356066
-27.997128
-13.280689
1.794688
-13.639627
-45.944004
-54.558506
-41.277817
-43.072506
-77.17157
-73.223259
-63.890884
-52.404881
-31.227566
-24.407753
-3.948313
-4.666188
-15.075377
-17.946877
-38.765255
-35.534817
-39.483131
-33.381191
-13.280689
-6.460876
-12.203876
-11.486001
-8.614501
-1.43575
-2.8715
-7.537688
-6.460876
-11.486001
-28.715004
-34.099068
-34.81694
-25.125628
-38.406319
-25.484566
-20.45944
-30.150753
-40.559944
-47.738693
-46.66188
-43.790379
-24.407753
-24.407753
-11.844939
-13.639627
-15.075377
-5.743001
-28.356066
-46.302944
-47.738693
-78.966263
-86.862885
-66.403442
-67.121323
-51.687008
-24.766691
-20.818378
2.512563
15.793252
22.613066
28.356066
-3.589375
-28.715004
-28.356066
-49.174442
-58.147881
-71.428574
-41.995693
-52.404881
-13.639627
-3.589375
-1.794688
-28.715004
-46.66188
-31.227566
-29.07394
-5.743001
17.229002
7.896626
-3.589375
3.948313
-3.589375
-44.508255
-39.842068
-41.636757
-33.381191
-36.611629
-22.254128
-21.536253
-10.768126
-3.589375
2.153625
3.589375
3.230438
-1.43575
-5.384063
-6.819813
-11.127064
-16.870064
-21.536253
-25.843504
-22.254128
-19.741566
-14.716439
-29.432878
-44.508255
-33.022255
-38.406319
-31.945442
-51.328068
-75.735825
-63.173008
-61.378319
-45.585068
-11.844939
-20.45944
-11.486001
10.409189
3.589375
-4.666188
-16.152189
-24.407753
-34.81694
-51.328068
-68.916008
-59.583633
-52.404881
-66.403442
-40.201004
-17.946877
-37.329506
-75.017944
-74.300072
-41.277817
-3.230438
39.842068
61.019382
57.788944
43.072506
26.561378
9.691314
-3.589375
-7.896626
-21.895189
-40.201004
-41.995693
-44.149319
-38.047379
-17.58794
-32.663315
-37.688442
-41.277817
-59.224693
-96.195259
-71.428574
-71.069633
-59.224693
-50.969131
-36.970566
-24.407753
-1.794688
7.896626
10.768126
8.614501
3.230438
-3.589375
-7.896626
-16.511127
-20.45944
-22.254128
-19.382627
-15.434315
-21.177315
-22.972002
-22.613066
-20.45944
-16.152189
-10.050251
-1.43575
-16.511127
-30.868629
8.614501
35.534817
35.893753
43.072506
4.30725
-36.611629
-98.707825
-91.888008
-96.554199
-90.452263
-28.356066
6.819813
3.230438
18.664753
30.509691
17.58794
-11.486001
-34.099068
-44.508255
-37.329506
-35.17588
-20.45944
0
-27.997128
-39.124191
-20.100502
-21.536253
-11.127064
-17.58794
-0.717875
-7.537688
-29.07394
-30.868629
-39.483131
-34.81694
-22.972002
-13.998564
-3.230438
-1.076813
-4.666188
-10.409189
-15.075377
-17.58794
-18.305815
-17.946877
-17.229002
-16.511127
-20.818378
-26.920315
-47.379757
-64.608757
-47.020817
-12.203876
2.153625
5.743001
15.434315
11.127064
0.358938
-4.666188
-19.382627
-22.613066
-46.66188
-49.533382
-70.710693
-113.065323
-129.576447
-95.477386
-66.403442
-9.332376
17.946877
7.896626
21.177315
17.229002
24.407753
5.384063
-13.639627
-27.279253
-32.304379
-22.254128
-14.716439
-15.075377
-21.536253
-29.432878
-23.689878
-17.946877
-24.048815
-32.663315
-11.127064
-8.614501
-3.230438
-11.127064
-15.793252
-12.921752
-10.409189
-6.460876
-5.384063
-7.178751
-25.125628
-54.917442
-84.350319
-90.811195
-47.020817
-22.972002
-5.025126
5.025126
22.254128
-1.794688
-30.150753
-38.047379
