Y
1975 71.2 52.7 44.0 64.5
1976 70.2 52.3 45.2 66.8
1977 72.4 55.1 48.9 64.8
1978 73.3 56.5 50.0 66.8
1979 80.2 58.8 51.1 67.9
1980 73.8 55.9 49.8 66.6
1981 70.0 54.8 48.7 67.7
1982 70.4 52.7 49.1 64.8
1983 70.0 55.3 50.1 65.6
1984 72.7 55.2 51.5 66.2
1985 75.5 58.5

F
1975 161.7 126.4 105.5 150.7
1976 162.1 124.2 107.2 156.0
1977 165.8 130.8 114.3 152.4
1978 166.7 132.8 115.8 155.6
1979 183.0 138.3 119.1 157.3
1980 169.1 128.6 112.2 149.5
1981 156.9 123.4 108.8 153.3
1982 158.3 119.5 107.7 145.0
1983 155.3 123.1 109.2 144.8
1984 160.6 119.1 109.5 144.8
1985 165.8 127.4
